
第1次迭代的数据

设置不平衡量
节点	DeltaP			DeltaQU2
2	1.63			0
3	0.85			0
4	0			2.08933
5	-1.25			-0.259
6	-0.9			-0.0420001
7	2.38419e-07		1.29151
8	-1			-0.170001
9	0			1.94262
雅克比矩阵
15.1172	0	0	0	0	0	0	0	0	0	-15.4951	0	0	0	0	0	
0	2.05	0	0	0	0	0	0	0	0	0	0	0	0	0	0	
0	0	15.4083	0	0	0	0	0	0	0	0	0	0	0	-15.7935	0	
0	0	0	2.05	0	0	0	0	0	0	0	0	0	0	0	0	
0	0	0	0	38.4157	3.30738	-11.6041	-1.36519	-10.5107	-1.94219	0	0	0	0	0	0	
-0	0	-0	0	-3.30738	34.2371	1.36519	-11.6041	1.94219	-10.5107	-0	0	-0	0	-0	0	
0	0	0	0	-11.6041	-1.36519	17.5792	2.55279	0	0	-5.97513	-1.1876	0	0	0	0	
-0	0	-0	0	1.36519	-11.6041	-2.55279	17.0972	-0	0	1.1876	-5.97513	-0	0	-0	0	
0	0	0	0	-10.5107	-1.94219	0	0	16.0989	3.2242	0	0	0	0	-5.58824	-1.28201	
-0	0	-0	0	1.94219	-10.5107	-0	0	-3.2242	15.5829	-0	0	-0	0	1.28201	-5.58824	
-15.1172	0	0	0	0	0	-5.97513	-1.1876	0	0	34.4549	4.61411	-12.9847	-3.42651	0	0	
-0	-15.1172	-0	0	-0	0	1.1876	-5.97513	-0	0	-4.61411	31.8719	3.42651	-12.9847	-0	0	
0	0	0	0	0	0	0	0	0	0	-12.9847	-3.42651	22.7478	4.58649	-9.76317	-1.15998	
-0	0	-0	0	-0	0	-0	0	-0	0	3.42651	-12.9847	-4.58649	22.3878	1.15998	-9.76317	
0	0	-15.4083	0	0	0	0	0	-5.58824	-1.28201	0	0	-9.76317	-1.15998	31.1449	2.44199	
-0	0	-0	-15.4083	-0	0	-0	0	1.28201	-5.58824	-0	0	1.15998	-9.76317	-2.44199	27.2597	

电压偏移量
节点	DeltaUe		DeltaUf
2	0		0.184055
3	0		0.0945821
4	0.142404	-0.0411019
5	0.111155	-0.0699276
6	0.133765	-0.0673669
7	0.120113	0.0743712
8	0.115919	0.0171664
9	0.146085	0.0384557
0.146085	0.184055

新的电压值
1.025 j0.184055
1.025 j0.0945821
1.1424 j-0.0411019
1.11116 j-0.0699276
1.13376 j-0.0673669
1.12011 j0.0743712
1.11592 j0.0171664
1.14608 j0.0384557

第2次迭代的数据

设置不平衡量
节点	DeltaP			DeltaQU2
2	-0.334201			-0.0338762
3	-0.212897			-0.00894582
4	-0.110334			-0.336369
5	0.153309			-0.0604181
6	0.118568			-0.0584581
7	0.119125		-0.166609
8	0.113717			0.0345053
9	0.0965307			-0.322369
雅克比矩阵
16.9329	-1.12428	0	0	0	0	0	0	0	0	-15.4951	2.78239	0	0	0	0	
0.36811	2.05	0	0	0	0	0	0	0	0	0	0	0	0	0	0	
0	0	17.6592	-0.592537	0	0	0	0	0	0	0	0	0	0	-15.7935	1.45735	
0	0	0.189164	2.05	0	0	0	0	0	0	0	0	0	0	0	0	
-0	0	-0	0	41.066	5.35732	-13.2005	-2.03655	-11.9276	-2.65078	-0	0	-0	0	-0	0	
0	-0	0	-0	-5.18557	41.661	2.03655	-13.2005	2.65078	-11.9276	0	-0	0	-0	0	-0	
-0	0	-0	0	-12.7985	-2.32838	19.5602	2.81582	-0	0	-6.55625	-1.73744	-0	0	-0	0	
0	-0	0	-0	2.32838	-12.7985	-5.28212	18.6137	0	-0	1.73744	-6.55625	0	-0	0	-0	
-0	0	-0	0	-11.7858	-2.91006	-0	0	18.0082	3.84002	-0	0	-0	0	-6.24939	-1.82996	
0	-0	0	-0	2.91006	-11.7858	0	-0	-5.60526	17.4772	0	-0	0	-0	1.82996	-6.24939	
-16.9329	1.12428	0	0	0	0	-6.78115	-0.885874	0	0	37.3348	2.60588	-14.7991	-2.87239	0	0	
-1.12428	-16.9329	-0	0	-0	0	0.885874	-6.78115	-0	0	-2.79798	37.645	2.87239	-14.7991	-0	0	
0	0	0	0	0	0	0	0	0	0	-14.5487	-3.60081	25.5917	3.72765	-10.9148	-1.12685	
-0	0	-0	0	-0	0	-0	0	-0	0	3.60081	-14.5487	-5.73383	24.9335	1.12685	-10.9148	
0	0	-17.6592	0.592537	0	0	0	0	-6.4539	-1.25439	0	0	-11.234	-0.953987	33.2785	1.60103	
-0	0	-0.592537	-17.6592	-0	0	-0	0	1.25439	-6.4539	-0	0	0.953987	-11.234	-1.75044	33.846	

电压偏移量
节点	DeltaUe		DeltaUf
2	-0.0110354		-0.0305714
3	-0.00237433		-0.0215604
4	-0.0248123	-0.00280219
5	-0.0273459	-0.000402474
6	-0.0271384	-0.000396248
7	-0.0247603	-0.0154854
8	-0.0234695	-0.0109579
9	-0.0244437	-0.0127938
0.0273459	0.0305714

新的电压值
1.01396 j0.153484
1.02263 j0.0730217
1.11759 j-0.0439041
1.08381 j-0.07033
1.10663 j-0.0677632
1.09535 j0.0588858
1.09245 j0.00620847
1.12164 j0.0256619

第3次迭代的数据

设置不平衡量
节点	DeltaP			DeltaQU2
2	-0.00885999			-0.00105631
3	-0.0076524			-0.0004704
4	-0.00129366			-0.00745487
5	0.00307441			-0.00158167
6	0.00237405			-0.00140601
7	0.00464249		-0.00236702
8	0.00183618			0.00122586
9	0.00527644			-0.00590515
雅克比矩阵
16.5586	-0.890185	0	0	0	0	0	0	0	0	-15.3283	2.32024	0	0	0	0	
0.306967	2.02793	0	0	0	0	0	0	0	0	0	0	0	0	0	0	
0	0	17.2826	-0.395406	0	0	0	0	0	0	0	0	0	0	-15.7569	1.12514	
0	0	0.146043	2.04525	0	0	0	0	0	0	0	0	0	0	0	0	
-0	0	-0	0	40.4462	5.29207	-12.9087	-2.03519	-11.6614	-2.63204	-0	0	-0	0	-0	0	
0	-0	0	-0	-5.29028	40.4596	2.03519	-12.9087	2.63204	-11.6614	0	-0	0	-0	0	-0	
-0	0	-0	0	-12.4806	-2.29572	19.1445	2.86453	-0	0	-6.39238	-1.70737	-0	0	-0	0	
0	-0	0	-0	2.29572	-12.4806	-5.10775	18.0791	0	-0	1.70737	-6.39238	0	-0	0	-0	
-0	0	-0	0	-11.4998	-2.86152	-0	0	17.6301	3.8455	-0	0	-0	0	-6.09723	-1.79738	
0	-0	0	-0	2.86152	-11.4998	0	-0	-5.43734	16.9929	0	-0	0	-0	1.79738	-6.09723	
-16.5586	0.890185	0	0	0	0	-6.61481	-0.948996	0	0	36.5949	3.09712	-14.4246	-2.98863	0	0	
-0.890185	-16.5586	-0	0	-0	0	0.948996	-6.61481	-0	0	-3.10534	36.5997	2.98863	-14.4246	-0	0	
0	0	0	0	0	0	0	0	0	0	-14.2064	-3.66267	24.999	3.95154	-10.673	-1.20661	
-0	0	-0	0	-0	0	-0	0	-0	0	3.66267	-14.2064	-5.78925	24.3664	1.20661	-10.673	
0	0	-17.2826	0.395406	0	0	0	0	-6.3009	-1.29455	0	0	-10.9805	-1.05054	32.8118	1.98507	
-0	0	-0.395406	-17.2826	-0	0	-0	0	1.29455	-6.3009	-0	0	1.05054	-10.9805	-1.99423	32.8226	

电压偏移量
节点	DeltaUe		DeltaUf
2	-0.000404895		-0.000766253
3	-0.000183036		-0.000657651
4	-0.000604283	-2.53769e-05
5	-0.00069029	1.14219e-05
6	-0.00067754	9.44105e-06
7	-0.000629158	-0.000321462
8	-0.000586743	-0.000256106
9	-0.000619471	-0.000275316
0.00069029	0.000766253

新的电压值
1.01356 j0.152717
1.02244 j0.0723641
1.11699 j-0.0439295
1.08312 j-0.0703186
1.10595 j-0.0677537
1.09472 j0.0585643
1.09186 j0.00595237
1.12102 j0.0253866

第4次迭代的数据

设置不平衡量
节点	DeltaP			DeltaQU2
2	-5.60284e-06			-5.96046e-07
3	-5.60284e-06			-5.96046e-07
4	-4.76837e-07			-7.62939e-06
5	1.66893e-06			4.76837e-07
6	1.07288e-06			-1.72853e-06
7	2.86102e-06		-1.90735e-06
8	2.38419e-07			4.20213e-06
9	4.52995e-06			-1.14441e-05
雅克比矩阵
16.5491	-0.885326	0	0	0	0	0	0	0	0	-15.3221	2.30865	0	0	0	0	
0.305435	2.02712	0	0	0	0	0	0	0	0	0	0	0	0	0	0	
0	0	17.2731	-0.391164	0	0	0	0	0	0	0	0	0	0	-15.7541	1.11501	
0	0	0.144728	2.04489	0	0	0	0	0	0	0	0	0	0	0	0	
-0	0	-0	0	40.4308	5.2901	-12.9017	-2.03466	-11.655	-2.63113	-0	0	-0	0	-0	0	
0	-0	0	-0	-5.2901	40.4308	2.03466	-12.9017	2.63113	-11.655	0	-0	0	-0	0	-0	
-0	0	-0	0	-12.4726	-2.29464	19.1342	2.86479	-0	0	-6.38827	-1.70648	-0	0	-0	0	
0	-0	0	-0	2.29464	-12.4726	-5.10357	18.0656	0	-0	1.70648	-6.38827	0	-0	0	-0	
-0	0	-0	0	-11.4927	-2.8601	-0	0	17.6207	3.8449	-0	0	-0	0	-6.09345	-1.79646	
0	-0	0	-0	2.8601	-11.4927	0	-0	-5.43327	16.9809	0	-0	0	-0	1.79646	-6.09345	
-16.5491	0.885326	0	0	0	0	-6.61067	-0.950169	0	0	36.575	3.10899	-14.4153	-2.99064	0	0	
-0.885326	-16.5491	-0	0	-0	0	0.950169	-6.61067	-0	0	-3.10899	36.575	2.99064	-14.4153	-0	0	
0	0	0	0	0	0	0	0	0	0	-14.1979	-3.66399	24.9838	3.9559	-10.6669	-1.20843	
-0	0	-0	0	-0	0	-0	0	-0	0	3.66399	-14.1979	-5.79107	24.3527	1.20843	-10.6669	
0	0	-17.2731	0.391164	0	0	0	0	-6.29709	-1.29529	0	0	-10.9742	-1.05251	32.7984	1.99617	
-0	0	-0.391164	-17.2731	-0	0	-0	0	1.29529	-6.29709	-0	0	1.05251	-10.9742	-1.99618	32.7984	

电压偏移量
节点	DeltaUe		DeltaUf
2	-1.98131e-07		-6.36507e-07
3	-2.55228e-07		-5.12236e-07
4	-5.59392e-07	-7.1577e-08
5	-4.93596e-07	-1.13796e-07
6	-7.45166e-07	-8.09298e-08
7	-4.12638e-07	-3.72534e-07
8	-4.19902e-07	-3.42279e-07
9	-7.74315e-07	-2.54447e-07
7.74315e-07	6.36507e-07

新的电压值
1.01356 j0.152717
1.02244 j0.0723635
1.11699 j-0.0439295
1.08312 j-0.0703187
1.10595 j-0.0677538
1.09472 j0.0585639
1.09186 j0.00595203
1.12102 j0.0253863
